tensor([[[[2.5288e+04]],

         [[0.0000e+00]]],


        [[[3.7862e+04]],

         [[0.0000e+00]]],


        [[[4.8525e+04]],

         [[0.0000e+00]]],


        [[[5.7310e+04]],

         [[0.0000e+00]]],


        [[[6.4954e+04]],

         [[0.0000e+00]]],


        [[[7.1744e+04]],

         [[0.0000e+00]]],


        [[[7.7944e+04]],

         [[0.0000e+00]]],


        [[[8.3732e+04]],

         [[0.0000e+00]]],


        [[[8.9122e+04]],

         [[0.0000e+00]]],


        [[[9.4250e+04]],

         [[0.0000e+00]]],


        [[[9.9224e+04]],

         [[0.0000e+00]]],


        [[[1.0513e+05]],

         [[0.0000e+00]]],


        [[[6.9068e+04]],

         [[0.0000e+00]]],


        [[[6.0590e+02]],

         [[0.0000e+00]]],


        [[[1.9589e+01]],

         [[0.0000e+00]]],


        [[[1.0959e+00]],

         [[0.0000e+00]]],


        [[[2.1454e+04]],

         [[2.1454e+04]]],


        [[[2.8754e+04]],

         [[2.8754e+04]]],


        [[[3.4631e+04]],

         [[3.4631e+04]]],


        [[[3.9663e+04]],

         [[3.9663e+04]]],


        [[[4.4131e+04]],

         [[4.4131e+04]]],


        [[[4.8226e+04]],

         [[4.8226e+04]]],


        [[[5.1925e+04]],

         [[5.1925e+04]]],


        [[[5.5467e+04]],

         [[5.5467e+04]]],


        [[[5.8729e+04]],

         [[5.8729e+04]]],


        [[[6.1926e+04]],

         [[6.1926e+04]]],


        [[[6.4260e+04]],

         [[6.4260e+04]]],


        [[[1.8200e+05]],

         [[1.8200e+05]]],


        [[[5.4420e+03]],

         [[5.4420e+03]]],


        [[[8.9350e+01]],

         [[8.9350e+01]]],


        [[[3.5659e+00]],

         [[3.5659e+00]]],


        [[[2.4078e+04]],

         [[2.4161e+04]]],


        [[[3.1732e+04]],

         [[3.1870e+04]]],


        [[[3.7347e+04]],

         [[3.7540e+04]]],


        [[[4.2140e+04]],

         [[4.2367e+04]]],


        [[[4.6389e+04]],

         [[4.6661e+04]]],


        [[[5.0231e+04]],

         [[5.0561e+04]]],


        [[[5.3831e+04]],

         [[5.4229e+04]]],


        [[[5.7288e+04]],

         [[5.7532e+04]]],


        [[[6.0516e+04]],

         [[6.0699e+04]]],


        [[[6.3760e+04]],

         [[6.3828e+04]]],


        [[[6.7418e+04]],

         [[6.7539e+04]]],


        [[[4.4233e+04]],

         [[4.4379e+04]]],


        [[[2.3867e+04]],

         [[2.3897e+04]]],


        [[[2.0564e+01]],

         [[2.0613e+01]]],


        [[[8.0357e-01]],

         [[8.0702e-01]]],


        [[[2.5692e+04]],

         [[2.5692e+04]]],


        [[[3.3888e+04]],

         [[3.3888e+04]]],


        [[[3.9566e+04]],

         [[3.9566e+04]]],


        [[[4.4264e+04]],

         [[4.4264e+04]]],


        [[[4.8477e+04]],

         [[4.8477e+04]]],


        [[[5.2235e+04]],

         [[5.2235e+04]]],


        [[[5.5770e+04]],

         [[5.5770e+04]]],


        [[[5.9070e+04]],

         [[5.9070e+04]]],


        [[[6.2225e+04]],

         [[6.2225e+04]]],


        [[[6.5306e+04]],

         [[6.5306e+04]]],


        [[[5.1918e+04]],

         [[5.1918e+04]]],


        [[[       nan]],

         [[       nan]]],


        [[[1.2951e+02]],

         [[1.2951e+02]]],


        [[[6.5581e+00]],

         [[6.5581e+00]]],


        [[[2.6629e+04]],

         [[2.6864e+04]]],


        [[[3.5281e+04]],

         [[3.5603e+04]]],


        [[[4.1041e+04]],

         [[4.1457e+04]]],


        [[[4.5740e+04]],

         [[4.6236e+04]]],


        [[[4.9867e+04]],

         [[5.0433e+04]]],


        [[[5.3559e+04]],

         [[5.4216e+04]]],


        [[[5.7082e+04]],

         [[5.7703e+04]]],


        [[[6.0253e+04]],

         [[6.0936e+04]]],


        [[[6.3506e+04]],

         [[6.4123e+04]]],


        [[[6.7226e+04]],

         [[6.7890e+04]]],


        [[[1.7721e+05]],

         [[1.7833e+05]]],


        [[[3.0086e+03]],

         [[3.0232e+03]]],


        [[[3.3880e+01]],

         [[3.4000e+01]]],


        [[[9.0240e-01]],

         [[9.0634e-01]]],


        [[[2.7490e+04]],

         [[2.7490e+04]]],


        [[[3.6620e+04]],

         [[3.6620e+04]]],


        [[[4.2616e+04]],

         [[4.2616e+04]]],


        [[[4.7425e+04]],

         [[4.7425e+04]]],


        [[[5.1559e+04]],

         [[5.1559e+04]]],


        [[[5.5332e+04]],

         [[5.5332e+04]]],


        [[[5.8771e+04]],

         [[5.8771e+04]]],


        [[[6.2094e+04]],

         [[6.2094e+04]]],


        [[[6.5272e+04]],

         [[6.5272e+04]]],


        [[[7.6479e+04]],

         [[7.6479e+04]]],


        [[[       nan]],

         [[       nan]]],


        [[[1.9844e+02]],

         [[1.9844e+02]]],


        [[[1.3437e+01]],

         [[1.3437e+01]]],


        [[[2.7987e+04]],

         [[2.8060e+04]]],


        [[[3.7486e+04]],

         [[3.7574e+04]]],


        [[[4.3661e+04]],

         [[4.3758e+04]]],


        [[[4.8583e+04]],

         [[4.8656e+04]]],


        [[[5.2657e+04]],

         [[5.2848e+04]]],


        [[[5.6484e+04]],

         [[5.6609e+04]]],


        [[[6.0017e+04]],

         [[5.9971e+04]]],


        [[[6.3362e+04]],

         [[6.3221e+04]]],


        [[[6.6326e+04]],

         [[6.6252e+04]]],


        [[[7.1051e+04]],

         [[7.0863e+04]]],


        [[[6.8801e+03]],

         [[6.8561e+03]]],


        [[[6.4324e+02]],

         [[6.4282e+02]]],


        [[[2.4887e+00]],

         [[2.4970e+00]]],


        [[[2.8437e+04]],

         [[2.8437e+04]]],


        [[[3.8272e+04]],

         [[3.8272e+04]]],


        [[[4.4587e+04]],

         [[4.4587e+04]]],


        [[[4.9611e+04]],

         [[4.9611e+04]]],


        [[[5.3813e+04]],

         [[5.3813e+04]]],


        [[[5.7644e+04]],

         [[5.7644e+04]]],


        [[[6.1080e+04]],

         [[6.1080e+04]]],


        [[[6.4457e+04]],

         [[6.4457e+04]]],


        [[[6.8614e+04]],

         [[6.8614e+04]]],


        [[[8.6630e+04]],

         [[8.6630e+04]]],


        [[[3.4873e+03]],

         [[3.4873e+03]]],


        [[[4.1764e+01]],

         [[4.1764e+01]]],


        [[[2.8640e+04]],

         [[2.8900e+04]]],


        [[[3.8733e+04]],

         [[3.9041e+04]]],


        [[[4.5211e+04]],

         [[4.5555e+04]]],


        [[[5.0259e+04]],

         [[5.0681e+04]]],


        [[[5.4610e+04]],

         [[5.5005e+04]]],


        [[[5.8398e+04]],

         [[5.8817e+04]]],


        [[[6.2004e+04]],

         [[6.2355e+04]]],


        [[[6.5367e+04]],

         [[6.5667e+04]]],


        [[[7.2813e+04]],

         [[7.3011e+04]]],


        [[[2.3837e+04]],

         [[2.3858e+04]]],


        [[[1.2734e+03]],

         [[1.2807e+03]]],


        [[[4.1000e+01]],

         [[4.1296e+01]]],


        [[[2.9021e+04]],

         [[2.9021e+04]]],


        [[[3.9374e+04]],

         [[3.9374e+04]]],


        [[[4.6062e+04]],

         [[4.6062e+04]]],


        [[[5.1221e+04]],

         [[5.1221e+04]]],


        [[[5.5567e+04]],

         [[5.5567e+04]]],


        [[[5.9449e+04]],

         [[5.9449e+04]]],


        [[[6.3090e+04]],

         [[6.3090e+04]]],


        [[[6.6432e+04]],

         [[6.6432e+04]]],


        [[[6.8448e+04]],

         [[6.8448e+04]]],


        [[[7.3644e+04]],

         [[7.3644e+04]]],


        [[[7.5921e+01]],

         [[7.5921e+01]]],


        [[[2.9105e+04]],

         [[2.9408e+04]]],


        [[[3.9660e+04]],

         [[3.9993e+04]]],


        [[[4.6499e+04]],

         [[4.6850e+04]]],


        [[[5.1672e+04]],

         [[5.2156e+04]]],


        [[[5.6216e+04]],

         [[5.6576e+04]]],


        [[[6.0123e+04]],

         [[6.0369e+04]]],


        [[[6.3941e+04]],

         [[6.4113e+04]]],


        [[[6.8076e+04]],

         [[6.8363e+04]]],


        [[[8.3336e+04]],

         [[8.3582e+04]]],


        [[[3.3659e+03]],

         [[3.3801e+03]]],


        [[[7.6337e+01]],

         [[7.6686e+01]]],


        [[[2.9399e+04]],

         [[2.9399e+04]]],


        [[[4.0175e+04]],

         [[4.0175e+04]]],


        [[[4.7158e+04]],

         [[4.7158e+04]]],


        [[[5.2447e+04]],

         [[5.2447e+04]]],


        [[[5.7028e+04]],

         [[5.7028e+04]]],


        [[[6.1059e+04]],

         [[6.1059e+04]]],


        [[[6.4794e+04]],

         [[6.4794e+04]]],


        [[[6.8771e+04]],

         [[6.8771e+04]]],


        [[[7.1502e+04]],

         [[7.1502e+04]]],


        [[[4.2340e+03]],

         [[4.2340e+03]]],


        [[[2.9464e+04]],

         [[2.9641e+04]]],


        [[[4.0420e+04]],

         [[4.0587e+04]]],


        [[[4.7476e+04]],

         [[4.7689e+04]]],


        [[[5.2937e+04]],

         [[5.3085e+04]]],


        [[[5.7562e+04]],

         [[5.7671e+04]]],


        [[[6.1760e+04]],

         [[6.1726e+04]]],


        [[[6.5321e+04]],

         [[6.5394e+04]]],


        [[[6.8717e+04]],

         [[6.8586e+04]]],


        [[[3.9796e+04]],

         [[3.9660e+04]]],


        [[[       nan]],

         [[       nan]]],


        [[[2.9677e+04]],

         [[2.9677e+04]]],


        [[[4.0784e+04]],

         [[4.0784e+04]]],


        [[[4.7971e+04]],

         [[4.7971e+04]]],


        [[[5.3538e+04]],

         [[5.3538e+04]]],


        [[[5.8178e+04]],

         [[5.8178e+04]]],


        [[[6.2415e+04]],

         [[6.2415e+04]]],


        [[[6.6028e+04]],

         [[6.6028e+04]]],


        [[[6.5969e+04]],

         [[6.5969e+04]]],


        [[[       nan]],

         [[       nan]]],


        [[[2.9763e+04]],

         [[2.9817e+04]]],


        [[[4.0945e+04]],

         [[4.1020e+04]]],


        [[[4.8266e+04]],

         [[4.8332e+04]]],


        [[[5.3982e+04]],

         [[5.3925e+04]]],


        [[[5.8785e+04]],

         [[5.8581e+04]]],


        [[[6.3140e+04]],

         [[6.2894e+04]]],


        [[[6.6780e+04]],

         [[6.6663e+04]]],


        [[[6.8790e+04]],

         [[6.8850e+04]]],


        [[[9.4367e+03]],

         [[9.4766e+03]]],


        [[[2.9917e+04]],

         [[2.9917e+04]]],


        [[[4.1233e+04]],

         [[4.1233e+04]]],


        [[[4.8623e+04]],

         [[4.8623e+04]]],


        [[[5.4427e+04]],

         [[5.4427e+04]]],


        [[[5.9207e+04]],

         [[5.9207e+04]]],


        [[[6.3594e+04]],

         [[6.3594e+04]]],


        [[[6.7221e+04]],

         [[6.7221e+04]]],


        [[[7.5576e+04]],

         [[7.5576e+04]]],


        [[[2.9903e+04]],

         [[3.0028e+04]]],


        [[[4.1348e+04]],

         [[4.1442e+04]]],


        [[[4.8817e+04]],

         [[4.8917e+04]]],


        [[[5.4812e+04]],

         [[5.4695e+04]]],


        [[[5.9677e+04]],

         [[5.9539e+04]]],


        [[[6.3936e+04]],

         [[6.3925e+04]]],


        [[[6.8070e+04]],

         [[6.7767e+04]]],


        [[[7.3761e+04]],

         [[7.3553e+04]]],


        [[[3.0082e+04]],

         [[3.0082e+04]]],


        [[[4.1674e+04]],

         [[4.1674e+04]]],


        [[[4.9199e+04]],

         [[4.9199e+04]]],


        [[[5.5136e+04]],

         [[5.5136e+04]]],


        [[[6.0151e+04]],

         [[6.0151e+04]]],


        [[[6.4385e+04]],

         [[6.4385e+04]]],


        [[[6.8620e+04]],

         [[6.8620e+04]]],


        [[[3.0103e+04]],

         [[3.0023e+04]]],


        [[[4.1815e+04]],

         [[4.1665e+04]]],


        [[[4.9380e+04]],

         [[4.9281e+04]]],


        [[[5.5497e+04]],

         [[5.5137e+04]]],


        [[[6.0457e+04]],

         [[6.0342e+04]]],


        [[[6.4670e+04]],

         [[6.4673e+04]]],


        [[[6.8683e+04]],

         [[6.8777e+04]]],


        [[[3.0120e+04]],

         [[3.0120e+04]]],


        [[[4.1868e+04]],

         [[4.1868e+04]]],


        [[[4.9554e+04]],

         [[4.9554e+04]]],


        [[[5.5595e+04]],

         [[5.5595e+04]]],


        [[[6.0769e+04]],

         [[6.0769e+04]]],


        [[[6.5131e+04]],

         [[6.5131e+04]]],


        [[[2.9957e+04]],

         [[3.0320e+04]]],


        [[[4.1793e+04]],

         [[4.2179e+04]]],


        [[[4.9602e+04]],

         [[4.9833e+04]]],


        [[[5.5558e+04]],

         [[5.5970e+04]]],


        [[[6.0926e+04]],

         [[6.1319e+04]]],


        [[[6.5367e+04]],

         [[6.5758e+04]]],


        [[[3.0143e+04]],

         [[3.0143e+04]]],


        [[[4.2086e+04]],

         [[4.2086e+04]]],


        [[[4.9940e+04]],

         [[4.9940e+04]]],


        [[[5.6011e+04]],

         [[5.6011e+04]]],


        [[[6.1434e+04]],

         [[6.1434e+04]]],


        [[[3.0467e+04]],

         [[3.0041e+04]]],


        [[[4.2500e+04]],

         [[4.2078e+04]]],


        [[[5.0517e+04]],

         [[4.9907e+04]]],


        [[[5.6581e+04]],

         [[5.6184e+04]]],


        [[[6.1728e+04]],

         [[6.1806e+04]]],


        [[[3.0254e+04]],

         [[3.0254e+04]]],


        [[[4.2351e+04]],

         [[4.2351e+04]]],


        [[[5.0309e+04]],

         [[5.0309e+04]]],


        [[[5.6624e+04]],

         [[5.6624e+04]]],


        [[[3.0551e+04]],

         [[3.0133e+04]]],


        [[[4.2632e+04]],

         [[4.2184e+04]]],


        [[[5.0743e+04]],

         [[5.0166e+04]]],


        [[[5.7003e+04]],

         [[5.6618e+04]]],


        [[[3.0367e+04]],

         [[3.0367e+04]]],


        [[[4.2510e+04]],

         [[4.2510e+04]]],


        [[[5.0578e+04]],

         [[5.0578e+04]]],


        [[[3.0419e+04]],

         [[3.0186e+04]]],


        [[[4.2526e+04]],

         [[4.2415e+04]]],


        [[[5.0601e+04]],

         [[5.0600e+04]]],


        [[[3.0275e+04]],

         [[3.0275e+04]]],


        [[[4.2486e+04]],

         [[4.2486e+04]]],


        [[[3.0115e+04]],

         [[3.0303e+04]]],


        [[[4.2444e+04]],

         [[4.2490e+04]]],


        [[[3.0319e+04]],

         [[3.0319e+04]]],


        [[[3.0241e+04]],

         [[3.0613e+04]]]])
torch.Size([256, 2, 128, 128])
