tensor([[[[2.5288e+04]],

         [[0.0000e+00]]],


        [[[1.1358e+05]],

         [[0.0000e+00]]],


        [[[2.6572e+04]],

         [[0.0000e+00]]],


        [[[1.4488e+04]],

         [[0.0000e+00]]],


        [[[1.1557e+04]],

         [[0.0000e+00]]],


        [[[1.0670e+04]],

         [[0.0000e+00]]],


        [[[1.0704e+04]],

         [[0.0000e+00]]],


        [[[1.1398e+04]],

         [[0.0000e+00]]],


        [[[1.2770e+04]],

         [[0.0000e+00]]],


        [[[1.5098e+04]],

         [[0.0000e+00]]],


        [[[1.9127e+04]],

         [[0.0000e+00]]],


        [[[2.6832e+04]],

         [[0.0000e+00]]],


        [[[4.5557e+04]],

         [[0.0000e+00]]],


        [[[1.5779e+05]],

         [[0.0000e+00]]],


        [[[7.0932e+02]],

         [[0.0000e+00]]],


        [[[8.3092e+01]],

         [[0.0000e+00]]],


        [[[3.2181e+04]],

         [[3.2181e+04]]],


        [[[1.5176e+04]],

         [[1.5176e+04]]],


        [[[1.3584e+04]],

         [[1.3584e+04]]],


        [[[1.5176e+04]],

         [[1.5176e+04]]],


        [[[1.9915e+04]],

         [[1.9915e+04]]],


        [[[3.2554e+04]],

         [[3.2554e+04]]],


        [[[1.0192e+05]],

         [[1.0192e+05]]],


        [[[8.8938e+04]],

         [[8.8938e+04]]],


        [[[3.1572e+04]],

         [[3.1572e+04]]],


        [[[1.9630e+04]],

         [[1.9630e+04]]],


        [[[1.4485e+04]],

         [[1.4485e+04]]],


        [[[1.1681e+04]],

         [[1.1681e+04]]],


        [[[9.9745e+03]],

         [[9.9745e+03]]],


        [[[7.4691e+03]],

         [[7.4691e+03]]],


        [[[1.6563e+02]],

         [[1.6563e+02]]],


        [[[7.2233e+04]],

         [[7.2484e+04]]],


        [[[2.8627e+04]],

         [[2.8751e+04]]],


        [[[2.0390e+04]],

         [[2.0495e+04]]],


        [[[1.7651e+04]],

         [[1.7746e+04]]],


        [[[1.6855e+04]],

         [[1.6954e+04]]],


        [[[1.7120e+04]],

         [[1.7233e+04]]],


        [[[1.8239e+04]],

         [[1.8374e+04]]],


        [[[2.0277e+04]],

         [[2.0363e+04]]],


        [[[2.3490e+04]],

         [[2.3561e+04]]],


        [[[2.8694e+04]],

         [[2.8724e+04]]],


        [[[3.7340e+04]],

         [[3.7407e+04]]],


        [[[5.4949e+04]],

         [[5.5130e+04]]],


        [[[3.0636e+04]],

         [[3.0675e+04]]],


        [[[2.1464e+03]],

         [[2.1515e+03]]],


        [[[1.3983e+01]],

         [[1.4043e+01]]],


        [[[1.2204e+05]],

         [[1.2204e+05]]],


        [[[4.6996e+04]],

         [[4.6996e+04]]],


        [[[3.1310e+04]],

         [[3.1310e+04]]],


        [[[2.5095e+04]],

         [[2.5095e+04]]],


        [[[2.2142e+04]],

         [[2.2142e+04]]],


        [[[2.0660e+04]],

         [[2.0660e+04]]],


        [[[2.0069e+04]],

         [[2.0069e+04]]],


        [[[2.0065e+04]],

         [[2.0065e+04]]],


        [[[2.0544e+04]],

         [[2.0544e+04]]],


        [[[2.1463e+04]],

         [[2.1463e+04]]],


        [[[2.2858e+04]],

         [[2.2858e+04]]],


        [[[2.6166e+04]],

         [[2.6166e+04]]],


        [[[5.3775e+03]],

         [[5.3775e+03]]],


        [[[5.6582e+02]],

         [[5.6582e+02]]],


        [[[1.7575e+05]],

         [[1.7730e+05]]],


        [[[6.7876e+04]],

         [[6.8496e+04]]],


        [[[4.4069e+04]],

         [[4.4516e+04]]],


        [[[3.4142e+04]],

         [[3.4511e+04]]],


        [[[2.8994e+04]],

         [[2.9323e+04]]],


        [[[2.6017e+04]],

         [[2.6336e+04]]],


        [[[2.4296e+04]],

         [[2.4560e+04]]],


        [[[2.3265e+04]],

         [[2.3529e+04]]],


        [[[2.2855e+04]],

         [[2.3077e+04]]],


        [[[2.2748e+04]],

         [[2.2973e+04]]],


        [[[2.2551e+04]],

         [[2.2694e+04]]],


        [[[1.4111e+04]],

         [[1.4179e+04]]],


        [[[4.4230e+03]],

         [[4.4386e+03]]],


        [[[2.2478e+02]],

         [[2.2576e+02]]],


        [[[2.3366e+05]],

         [[2.3366e+05]]],


        [[[9.1282e+04]],

         [[9.1282e+04]]],


        [[[5.8795e+04]],

         [[5.8795e+04]]],


        [[[4.4796e+04]],

         [[4.4796e+04]]],


        [[[3.7245e+04]],

         [[3.7245e+04]]],


        [[[3.2733e+04]],

         [[3.2733e+04]]],


        [[[2.9829e+04]],

         [[2.9829e+04]]],


        [[[2.7970e+04]],

         [[2.7970e+04]]],


        [[[2.6747e+04]],

         [[2.6747e+04]]],


        [[[2.5972e+04]],

         [[2.5972e+04]]],


        [[[2.6390e+04]],

         [[2.6390e+04]]],


        [[[5.4435e+03]],

         [[5.4435e+03]]],


        [[[5.0394e+02]],

         [[5.0394e+02]]],


        [[[2.9187e+05]],

         [[2.9262e+05]]],


        [[[1.1556e+05]],

         [[1.1583e+05]]],


        [[[7.4316e+04]],

         [[7.4482e+04]]],


        [[[5.6164e+04]],

         [[5.6249e+04]]],


        [[[4.6054e+04]],

         [[4.6221e+04]]],


        [[[3.9960e+04]],

         [[4.0048e+04]]],


        [[[3.5949e+04]],

         [[3.5922e+04]]],


        [[[3.3224e+04]],

         [[3.3150e+04]]],


        [[[3.1199e+04]],

         [[3.1164e+04]]],


        [[[3.0044e+04]],

         [[2.9964e+04]]],


        [[[3.1944e+04]],

         [[3.1832e+04]]],


        [[[4.7003e+03]],

         [[4.6972e+03]]],


        [[[8.6805e+01]],

         [[8.7094e+01]]],


        [[[3.5191e+05]],

         [[3.5191e+05]]],


        [[[1.4113e+05]],

         [[1.4113e+05]]],


        [[[9.0825e+04]],

         [[9.0825e+04]]],


        [[[6.8354e+04]],

         [[6.8354e+04]]],


        [[[5.5724e+04]],

         [[5.5724e+04]]],


        [[[4.7897e+04]],

         [[4.7897e+04]]],


        [[[4.2592e+04]],

         [[4.2592e+04]]],


        [[[3.8986e+04]],

         [[3.8986e+04]]],


        [[[3.6288e+04]],

         [[3.6288e+04]]],


        [[[3.4004e+04]],

         [[3.4004e+04]]],


        [[[4.1687e+04]],

         [[4.1687e+04]]],


        [[[3.2899e+03]],

         [[3.2899e+03]]],


        [[[4.1051e+05]],

         [[4.1423e+05]]],


        [[[1.6668e+05]],

         [[1.6801e+05]]],


        [[[1.0767e+05]],

         [[1.0849e+05]]],


        [[[8.0802e+04]],

         [[8.1481e+04]]],


        [[[6.5717e+04]],

         [[6.6192e+04]]],


        [[[5.6090e+04]],

         [[5.6492e+04]]],


        [[[4.9669e+04]],

         [[4.9950e+04]]],


        [[[4.5079e+04]],

         [[4.5287e+04]]],


        [[[4.1634e+04]],

         [[4.1747e+04]]],


        [[[3.9834e+04]],

         [[3.9870e+04]]],


        [[[1.6121e+05]],

         [[1.6212e+05]]],


        [[[4.8029e+02]],

         [[4.8376e+02]]],


        [[[4.7305e+05]],

         [[4.7305e+05]]],


        [[[1.9402e+05]],

         [[1.9402e+05]]],


        [[[1.2592e+05]],

         [[1.2592e+05]]],


        [[[9.4466e+04]],

         [[9.4466e+04]]],


        [[[7.6519e+04]],

         [[7.6519e+04]]],


        [[[6.5103e+04]],

         [[6.5103e+04]]],


        [[[5.7376e+04]],

         [[5.7376e+04]]],


        [[[5.1692e+04]],

         [[5.1692e+04]]],


        [[[4.7447e+04]],

         [[4.7447e+04]]],


        [[[5.2723e+04]],

         [[5.2723e+04]]],


        [[[3.4045e+03]],

         [[3.4045e+03]]],


        [[[5.3183e+05]],

         [[5.3737e+05]]],


        [[[2.2043e+05]],

         [[2.2228e+05]]],


        [[[1.4377e+05]],

         [[1.4485e+05]]],


        [[[1.0781e+05]],

         [[1.0882e+05]]],


        [[[8.7448e+04]],

         [[8.8008e+04]]],


        [[[7.4193e+04]],

         [[7.4497e+04]]],


        [[[6.5322e+04]],

         [[6.5497e+04]]],


        [[[5.8582e+04]],

         [[5.8830e+04]]],


        [[[5.3737e+04]],

         [[5.3895e+04]]],


        [[[8.2451e+04]],

         [[8.2800e+04]]],


        [[[1.0715e+03]],

         [[1.0764e+03]]],


        [[[5.9534e+05]],

         [[5.9534e+05]]],


        [[[2.4882e+05]],

         [[2.4882e+05]]],


        [[[1.6294e+05]],

         [[1.6294e+05]]],


        [[[1.2236e+05]],

         [[1.2236e+05]]],


        [[[9.9129e+04]],

         [[9.9129e+04]]],


        [[[8.4059e+04]],

         [[8.4059e+04]]],


        [[[7.3665e+04]],

         [[7.3665e+04]]],


        [[[6.5943e+04]],

         [[6.5943e+04]]],


        [[[5.8771e+04]],

         [[5.8771e+04]]],


        [[[7.5595e+04]],

         [[7.5595e+04]]],


        [[[6.5500e+05]],

         [[6.5895e+05]]],


        [[[2.7619e+05]],

         [[2.7733e+05]]],


        [[[1.8148e+05]],

         [[1.8230e+05]]],


        [[[1.3677e+05]],

         [[1.3715e+05]]],


        [[[1.1078e+05]],

         [[1.1099e+05]]],


        [[[9.4032e+04]],

         [[9.3981e+04]]],


        [[[8.2012e+04]],

         [[8.2104e+04]]],


        [[[7.3484e+04]],

         [[7.3344e+04]]],


        [[[7.5170e+04]],

         [[7.4911e+04]]],


        [[[1.7098e+04]],

         [[1.7103e+04]]],


        [[[7.1862e+05]],

         [[7.1862e+05]]],


        [[[3.0490e+05]],

         [[3.0490e+05]]],


        [[[2.0117e+05]],

         [[2.0117e+05]]],


        [[[1.5192e+05]],

         [[1.5192e+05]]],


        [[[1.2298e+05]],

         [[1.2298e+05]]],


        [[[1.0431e+05]],

         [[1.0431e+05]]],


        [[[9.0862e+04]],

         [[9.0862e+04]]],


        [[[8.0988e+04]],

         [[8.0988e+04]]],


        [[[6.9240e+04]],

         [[6.9240e+04]]],


        [[[7.7979e+05]],

         [[7.8120e+05]]],


        [[[3.3253e+05]],

         [[3.3315e+05]]],


        [[[2.2045e+05]],

         [[2.2075e+05]]],


        [[[1.6705e+05]],

         [[1.6687e+05]]],


        [[[1.3555e+05]],

         [[1.3508e+05]]],


        [[[1.1507e+05]],

         [[1.1462e+05]]],


        [[[1.0019e+05]],

         [[1.0002e+05]]],


        [[[8.8988e+04]],

         [[8.9066e+04]]],


        [[[2.0667e+05]],

         [[2.0755e+05]]],


        [[[8.4327e+05]],

         [[8.4327e+05]]],


        [[[3.6160e+05]],

         [[3.6160e+05]]],


        [[[2.4038e+05]],

         [[2.4038e+05]]],


        [[[1.8254e+05]],

         [[1.8254e+05]]],


        [[[1.4804e+05]],

         [[1.4804e+05]]],


        [[[1.2566e+05]],

         [[1.2566e+05]]],


        [[[1.0936e+05]],

         [[1.0936e+05]]],


        [[[9.7653e+04]],

         [[9.7653e+04]]],


        [[[9.0237e+05]],

         [[9.0613e+05]]],


        [[[3.8947e+05]],

         [[3.9036e+05]]],


        [[[2.5982e+05]],

         [[2.6036e+05]]],


        [[[1.9817e+05]],

         [[1.9775e+05]]],


        [[[1.6095e+05]],

         [[1.6058e+05]]],


        [[[1.3627e+05]],

         [[1.3625e+05]]],


        [[[1.1912e+05]],

         [[1.1859e+05]]],


        [[[1.0605e+05]],

         [[1.0576e+05]]],


        [[[9.6763e+05]],

         [[9.6763e+05]]],


        [[[4.1970e+05]],

         [[4.1970e+05]]],


        [[[2.8058e+05]],

         [[2.8058e+05]]],


        [[[2.1387e+05]],

         [[2.1387e+05]]],


        [[[1.7417e+05]],

         [[1.7417e+05]]],


        [[[1.4735e+05]],

         [[1.4735e+05]]],


        [[[1.2857e+05]],

         [[1.2857e+05]]],


        [[[1.0282e+06]],

         [[1.0255e+06]]],


        [[[4.4842e+05]],

         [[4.4681e+05]]],


        [[[3.0047e+05]],

         [[2.9987e+05]]],


        [[[2.2999e+05]],

         [[2.2850e+05]]],


        [[[1.8715e+05]],

         [[1.8679e+05]]],


        [[[1.5829e+05]],

         [[1.5830e+05]]],


        [[[1.3807e+05]],

         [[1.3826e+05]]],


        [[[1.0888e+06]],

         [[1.0888e+06]]],


        [[[4.7638e+05]],

         [[4.7638e+05]]],


        [[[3.2054e+05]],

         [[3.2054e+05]]],


        [[[2.4523e+05]],

         [[2.4523e+05]]],


        [[[2.0037e+05]],

         [[2.0037e+05]]],


        [[[1.6987e+05]],

         [[1.6987e+05]]],


        [[[1.1427e+06]],

         [[1.1565e+06]]],


        [[[5.0291e+05]],

         [[5.0755e+05]]],


        [[[3.3994e+05]],

         [[3.4153e+05]]],


        [[[2.5996e+05]],

         [[2.6189e+05]]],


        [[[2.1326e+05]],

         [[2.1463e+05]]],


        [[[1.8102e+05]],

         [[1.8211e+05]]],


        [[[1.2098e+06]],

         [[1.2098e+06]]],


        [[[5.3404e+05]],

         [[5.3404e+05]]],


        [[[3.6154e+05]],

         [[3.6154e+05]]],


        [[[2.7716e+05]],

         [[2.7716e+05]]],


        [[[2.2758e+05]],

         [[2.2758e+05]]],


        [[[1.2836e+06]],

         [[1.2656e+06]]],


        [[[5.6722e+05]],

         [[5.6159e+05]]],


        [[[3.8526e+05]],

         [[3.8061e+05]]],


        [[[2.9528e+05]],

         [[2.9321e+05]]],


        [[[2.4135e+05]],

         [[2.4165e+05]]],


        [[[1.3350e+06]],

         [[1.3350e+06]]],


        [[[5.9309e+05]],

         [[5.9309e+05]]],


        [[[4.0320e+05]],

         [[4.0320e+05]]],


        [[[3.1087e+05]],

         [[3.1087e+05]]],


        [[[1.4090e+06]],

         [[1.3897e+06]]],


        [[[6.2509e+05]],

         [[6.1853e+05]]],


        [[[4.2640e+05]],

         [[4.2155e+05]]],


        [[[3.2847e+05]],

         [[3.2626e+05]]],


        [[[1.4611e+06]],

         [[1.4611e+06]]],


        [[[6.5132e+05]],

         [[6.5132e+05]]],


        [[[4.4471e+05]],

         [[4.4471e+05]]],


        [[[1.5243e+06]],

         [[1.5126e+06]]],


        [[[6.7961e+05]],

         [[6.7783e+05]]],


        [[[4.6465e+05]],

         [[4.6464e+05]]],


        [[[1.5775e+06]],

         [[1.5775e+06]]],


        [[[7.0701e+05]],

         [[7.0701e+05]]],


        [[[1.6293e+06]],

         [[1.6395e+06]]],


        [[[7.3434e+05]],

         [[7.3514e+05]]],


        [[[1.7009e+06]],

         [[1.7009e+06]]],


        [[[1.7569e+06]],

         [[1.7785e+06]]]])
torch.Size([256, 2, 128, 128])
