rot
pre
tensor([[[[-2.1205e-01,  0.0000e+00],
          [-2.6298e-01,  0.0000e+00],
          [-3.8048e+00,  0.0000e+00],
          [ 2.6723e-05, -3.8233e-05],
          [-1.0896e-02,  2.2117e-01],
          [-1.4970e-02, -2.7448e-02],
          [ 1.3683e+00, -1.2193e+00],
          [-1.0092e-02,  5.1433e-03],
          [ 9.4225e-06,  1.8977e-05]],

         [[-7.5701e-02,  0.0000e+00],
          [-1.2872e+00,  0.0000e+00],
          [ 3.2218e+00,  0.0000e+00],
          [-1.8051e-05,  2.2924e-05],
          [-8.9736e-01,  2.1483e+00],
          [-3.8735e-02, -1.8620e-02],
          [ 1.8100e-01, -7.0806e-01],
          [-2.3038e-02,  1.1768e-02],
          [-1.2153e-07, -2.4476e-07]],

         [[ 5.2363e-01,  0.0000e+00],
          [ 5.3067e-01,  0.0000e+00],
          [-1.9346e+00,  0.0000e+00],
          [-5.8102e-05,  7.9551e-05],
          [ 4.8360e-01, -1.8249e+00],
          [-4.6647e-02,  7.6651e-02],
          [ 9.0077e-01, -3.0501e+00],
          [-1.0560e-01,  5.3971e-02],
          [-2.5171e-04, -5.0694e-04]],

         [[ 1.1843e-01,  0.0000e+00],
          [ 2.1173e+00,  0.0000e+00],
          [ 7.3048e-01,  0.0000e+00],
          [ 4.5411e-05, -6.3626e-05],
          [-4.9064e-01,  1.1654e+00],
          [-5.1828e-02,  3.3462e-02],
          [ 6.5652e-01, -3.3068e+00],
          [-2.3996e-02,  1.2202e-02],
          [-1.7739e-04, -3.5727e-04]],

         [[-5.6922e-01,  0.0000e+00],
          [-7.2115e-01,  0.0000e+00],
          [ 9.1228e-01,  0.0000e+00],
          [ 1.4311e-04, -1.9752e-04],
          [-1.5700e+00,  3.1819e+00],
          [ 2.5873e-03,  4.7543e-02],
          [-4.2986e-01, -1.8827e+00],
          [ 3.4168e-02, -1.7580e-02],
          [-8.3874e-04, -1.6892e-03]]],


        [[[ 5.7581e-01,  0.0000e+00],
          [-1.1212e+00,  0.0000e+00],
          [-1.0317e+00,  0.0000e+00],
          [ 5.3549e-01,  1.8206e+00],
          [ 1.7787e+00,  2.0674e+00],
          [ 1.8168e-02,  3.2244e-02],
          [ 2.7219e-01, -1.9257e-01],
          [ 1.1581e-06,  1.1414e-06],
          [ 1.5765e+00, -1.3076e+00]],

         [[ 1.7303e+00,  0.0000e+00],
          [ 1.7292e-01,  0.0000e+00],
          [ 2.1238e+00,  0.0000e+00],
          [ 1.8314e-01,  6.2267e-01],
          [ 8.8388e-01,  9.4444e-01],
          [ 1.0917e+00,  1.9447e+00],
          [-8.6306e-02,  2.2171e-01],
          [ 2.5594e-05,  2.5225e-05],
          [-9.9258e-01,  1.5348e+00]],

         [[ 1.2417e+00,  0.0000e+00],
          [ 3.2988e-01,  0.0000e+00],
          [ 2.2722e+00,  0.0000e+00],
          [ 1.6060e-01,  5.4601e-01],
          [-1.0681e+00, -9.0058e-01],
          [-9.1282e-02, -1.6261e-01],
          [ 4.1397e-01,  1.5643e+00],
          [-1.1871e-04, -1.1699e-04],
          [-5.7692e-02, -2.5007e+00]],

         [[-3.9401e-01,  0.0000e+00],
          [-2.6130e+00,  0.0000e+00],
          [ 5.6125e-01,  0.0000e+00],
          [ 4.5128e-01,  1.5343e+00],
          [ 8.5390e-01,  9.0712e-01],
          [ 6.0189e-01,  1.0722e+00],
          [ 3.8678e-01,  1.9957e+00],
          [ 1.0578e-04,  1.0425e-04],
          [-3.2292e-01,  9.1835e-01]],

         [[-9.3208e-01,  0.0000e+00],
          [ 9.8872e-01,  0.0000e+00],
          [-1.0211e+00,  0.0000e+00],
          [-7.2413e-01, -2.4620e+00],
          [ 1.3377e+00,  1.6925e+00],
          [ 7.4559e-01,  1.3281e+00],
          [ 2.2727e-01,  4.2591e-02],
          [ 6.3297e-05,  6.2383e-05],
          [-1.7626e-01,  1.2111e+00]]]], device='cuda:1',
       grad_fn=<MulBackward0>)
post
tensor([[[4.4964e-02, 6.9159e-02, 1.4477e+01, 2.1759e-09, 4.9036e-02,
          9.7750e-04, 3.3589e+00, 1.2830e-04, 4.4890e-10],
         [5.7306e-03, 1.6568e+00, 1.0380e+01, 8.5136e-10, 5.4206e+00,
          1.8471e-03, 5.3411e-01, 6.6922e-04, 7.4676e-14],
         [2.7418e-01, 2.8161e-01, 3.7428e+00, 9.7043e-09, 3.5641e+00,
          8.0513e-03, 1.0115e+01, 1.4065e-02, 3.2034e-07],
         [1.4026e-02, 4.4830e+00, 5.3360e-01, 6.1104e-09, 1.5989e+00,
          3.8059e-03, 1.1366e+01, 7.2468e-04, 1.5911e-07],
         [3.2401e-01, 5.2006e-01, 8.3225e-01, 5.9492e-08, 1.2590e+01,
          2.2671e-03, 3.7292e+00, 1.4765e-03, 3.5569e-06]],

        [[3.3156e-01, 1.2572e+00, 1.0644e+00, 3.6014e+00, 7.4376e+00,
          1.3698e-03, 1.1117e-01, 2.6441e-12, 4.1951e+00],
         [2.9941e+00, 2.9902e-02, 4.5106e+00, 4.2126e-01, 1.6732e+00,
          4.9735e+00, 5.6603e-02, 1.2914e-09, 3.3408e+00],
         [1.5418e+00, 1.0882e-01, 5.1631e+00, 3.2392e-01, 1.9520e+00,
          3.4774e-02, 2.6185e+00, 2.7778e-08, 6.2570e+00],
         [1.5524e-01, 6.8280e+00, 3.1500e-01, 2.5578e+00, 1.5520e+00,
          1.5119e+00, 4.1323e+00, 2.2057e-08, 9.4764e-01],
         [8.6876e-01, 9.7757e-01, 1.0427e+00, 6.5856e+00, 4.6541e+00,
          2.3198e+00, 5.3467e-02, 7.8981e-09, 1.4979e+00]]], device='cuda:1',
       grad_fn=<SumBackward1>)
normal
pre
tensor([[[[-2.1204e-01,  0.0000e+00],
          [-2.6298e-01,  0.0000e+00],
          [-3.8048e+00,  0.0000e+00],
          [ 3.8233e-05,  2.6723e-05],
          [-2.2117e-01, -1.0901e-02],
          [ 1.4970e-02,  2.7448e-02],
          [-1.3683e+00,  1.2193e+00],
          [ 5.1433e-03,  1.0092e-02],
          [ 9.4225e-06,  1.8977e-05]],

         [[-7.5700e-02,  0.0000e+00],
          [-1.2872e+00,  0.0000e+00],
          [ 3.2218e+00,  0.0000e+00],
          [-2.2924e-05, -1.8051e-05],
          [-2.1483e+00, -8.9738e-01],
          [ 3.8735e-02,  1.8620e-02],
          [-1.8100e-01,  7.0806e-01],
          [ 1.1768e-02,  2.3038e-02],
          [-1.2153e-07, -2.4476e-07]],

         [[ 5.2362e-01,  0.0000e+00],
          [ 5.3067e-01,  0.0000e+00],
          [-1.9346e+00,  0.0000e+00],
          [-7.9551e-05, -5.8102e-05],
          [ 1.8249e+00,  4.8362e-01],
          [ 4.6647e-02, -7.6651e-02],
          [-9.0077e-01,  3.0501e+00],
          [ 5.3971e-02,  1.0560e-01],
          [-2.5171e-04, -5.0694e-04]],

         [[ 1.1843e-01,  0.0000e+00],
          [ 2.1173e+00,  0.0000e+00],
          [ 7.3048e-01,  0.0000e+00],
          [ 6.3626e-05,  4.5411e-05],
          [-1.1654e+00, -4.9065e-01],
          [ 5.1828e-02, -3.3462e-02],
          [-6.5652e-01,  3.3068e+00],
          [ 1.2202e-02,  2.3996e-02],
          [-1.7739e-04, -3.5727e-04]],

         [[-5.6921e-01,  0.0000e+00],
          [-7.2115e-01,  0.0000e+00],
          [ 9.1228e-01,  0.0000e+00],
          [ 1.9752e-04,  1.4311e-04],
          [-3.1819e+00, -1.5700e+00],
          [-2.5872e-03, -4.7543e-02],
          [ 4.2986e-01,  1.8826e+00],
          [-1.7580e-02, -3.4168e-02],
          [-8.3874e-04, -1.6892e-03]]],


        [[[ 5.7581e-01,  0.0000e+00],
          [-1.1212e+00,  0.0000e+00],
          [-1.0317e+00,  0.0000e+00],
          [-1.8206e+00,  5.3549e-01],
          [-2.0674e+00,  1.7787e+00],
          [-1.8168e-02, -3.2244e-02],
          [-2.7219e-01,  1.9257e-01],
          [ 1.1414e-06, -1.1581e-06],
          [ 1.5765e+00, -1.3076e+00]],

         [[ 1.7303e+00,  0.0000e+00],
          [ 1.7292e-01,  0.0000e+00],
          [ 2.1238e+00,  0.0000e+00],
          [-6.2267e-01,  1.8314e-01],
          [-9.4444e-01,  8.8388e-01],
          [-1.0917e+00, -1.9447e+00],
          [ 8.6306e-02, -2.2171e-01],
          [ 2.5225e-05, -2.5594e-05],
          [-9.9259e-01,  1.5348e+00]],

         [[ 1.2417e+00,  0.0000e+00],
          [ 3.2988e-01,  0.0000e+00],
          [ 2.2722e+00,  0.0000e+00],
          [-5.4601e-01,  1.6060e-01],
          [ 9.0059e-01, -1.0681e+00],
          [ 9.1282e-02,  1.6261e-01],
          [-4.1397e-01, -1.5643e+00],
          [-1.1699e-04,  1.1871e-04],
          [-5.7700e-02, -2.5007e+00]],

         [[-3.9401e-01,  0.0000e+00],
          [-2.6130e+00,  0.0000e+00],
          [ 5.6125e-01,  0.0000e+00],
          [-1.5343e+00,  4.5128e-01],
          [-9.0712e-01,  8.5389e-01],
          [-6.0189e-01, -1.0722e+00],
          [-3.8678e-01, -1.9957e+00],
          [ 1.0425e-04, -1.0578e-04],
          [-3.2292e-01,  9.1834e-01]],

         [[-9.3207e-01,  0.0000e+00],
          [ 9.8872e-01,  0.0000e+00],
          [-1.0211e+00,  0.0000e+00],
          [ 2.4620e+00, -7.2413e-01],
          [-1.6925e+00,  1.3377e+00],
          [-7.4559e-01, -1.3281e+00],
          [-2.2727e-01, -4.2590e-02],
          [ 6.2383e-05, -6.3297e-05],
          [-1.7625e-01,  1.2111e+00]]]], device='cuda:1',
       grad_fn=<MulBackward0>)
post
tensor([[[4.4963e-02, 6.9159e-02, 1.4477e+01, 2.1759e-09, 4.9036e-02,
          9.7751e-04, 3.3589e+00, 1.2830e-04, 4.4890e-10],
         [5.7304e-03, 1.6568e+00, 1.0380e+01, 8.5135e-10, 5.4207e+00,
          1.8471e-03, 5.3411e-01, 6.6922e-04, 7.4676e-14],
         [2.7418e-01, 2.8161e-01, 3.7428e+00, 9.7042e-09, 3.5641e+00,
          8.0513e-03, 1.0115e+01, 1.4065e-02, 3.2034e-07],
         [1.4026e-02, 4.4830e+00, 5.3360e-01, 6.1104e-09, 1.5989e+00,
          3.8059e-03, 1.1366e+01, 7.2468e-04, 1.5911e-07],
         [3.2400e-01, 5.2006e-01, 8.3226e-01, 5.9492e-08, 1.2590e+01,
          2.2671e-03, 3.7291e+00, 1.4765e-03, 3.5569e-06]],

        [[3.3156e-01, 1.2572e+00, 1.0644e+00, 3.6014e+00, 7.4376e+00,
          1.3698e-03, 1.1117e-01, 2.6440e-12, 4.1951e+00],
         [2.9941e+00, 2.9902e-02, 4.5106e+00, 4.2126e-01, 1.6732e+00,
          4.9735e+00, 5.6603e-02, 1.2914e-09, 3.3408e+00],
         [1.5418e+00, 1.0882e-01, 5.1631e+00, 3.2392e-01, 1.9520e+00,
          3.4774e-02, 2.6185e+00, 2.7778e-08, 6.2570e+00],
         [1.5524e-01, 6.8280e+00, 3.1500e-01, 2.5578e+00, 1.5520e+00,
          1.5119e+00, 4.1323e+00, 2.2057e-08, 9.4764e-01],
         [8.6876e-01, 9.7757e-01, 1.0427e+00, 6.5856e+00, 4.6541e+00,
          2.3198e+00, 5.3467e-02, 7.8981e-09, 1.4979e+00]]], device='cuda:1',
       grad_fn=<SumBackward1>)
tensor([[[0.5112, 0.5173, 1.0000, 0.5000, 0.5123, 0.5002, 0.9664, 0.5000,
          0.5000],
         [0.5014, 0.8398, 1.0000, 0.5000, 0.9956, 0.5005, 0.6304, 0.5002,
          0.5000],
         [0.5681, 0.5699, 0.9769, 0.5000, 0.9725, 0.5020, 1.0000, 0.5035,
          0.5000],
         [0.5035, 0.9888, 0.6303, 0.5000, 0.8319, 0.5010, 1.0000, 0.5002,
          0.5000],
         [0.5803, 0.6272, 0.6968, 0.5000, 1.0000, 0.5006, 0.9765, 0.5004,
          0.5000]],

        [[0.5821, 0.7785, 0.7435, 0.9734, 0.9994, 0.5003, 0.5278, 0.5000,
          0.9852],
         [0.9523, 0.5075, 0.9891, 0.6038, 0.8420, 0.9931, 0.5141, 0.5000,
          0.9658],
         [0.8237, 0.5272, 0.9943, 0.5803, 0.8757, 0.5087, 0.9320, 0.5000,
          0.9981],
         [0.5387, 0.9989, 0.5781, 0.9281, 0.8252, 0.8193, 0.9842, 0.5000,
          0.7206],
         [0.7045, 0.7266, 0.7394, 0.9986, 0.9906, 0.9105, 0.5134, 0.5000,
          0.8173]]], device='cuda:1', grad_fn=<SigmoidBackward0>)
tensor([[[0.5112, 0.5173, 1.0000, 0.5000, 0.5123, 0.5002, 0.9664, 0.5000,
          0.5000],
         [0.5014, 0.8398, 1.0000, 0.5000, 0.9956, 0.5005, 0.6304, 0.5002,
          0.5000],
         [0.5681, 0.5699, 0.9769, 0.5000, 0.9725, 0.5020, 1.0000, 0.5035,
          0.5000],
         [0.5035, 0.9888, 0.6303, 0.5000, 0.8319, 0.5010, 1.0000, 0.5002,
          0.5000],
         [0.5803, 0.6272, 0.6968, 0.5000, 1.0000, 0.5006, 0.9766, 0.5004,
          0.5000]],

        [[0.5821, 0.7785, 0.7435, 0.9734, 0.9994, 0.5003, 0.5278, 0.5000,
          0.9852],
         [0.9523, 0.5075, 0.9891, 0.6038, 0.8420, 0.9931, 0.5141, 0.5000,
          0.9658],
         [0.8237, 0.5272, 0.9943, 0.5803, 0.8757, 0.5087, 0.9320, 0.5000,
          0.9981],
         [0.5387, 0.9989, 0.5781, 0.9281, 0.8252, 0.8193, 0.9842, 0.5000,
          0.7206],
         [0.7045, 0.7266, 0.7394, 0.9986, 0.9906, 0.9105, 0.5134, 0.5000,
          0.8173]]], device='cuda:1', grad_fn=<SigmoidBackward0>)
tensor([[[0.0081, 0.0082, 0.0158, 0.0079, 0.0081, 0.0079, 0.0152, 0.0079,
          0.0079],
         [0.0079, 0.0132, 0.0158, 0.0079, 0.0157, 0.0079, 0.0099, 0.0079,
          0.0079],
         [0.0090, 0.0090, 0.0154, 0.0079, 0.0153, 0.0079, 0.0158, 0.0079,
          0.0079],
         [0.0079, 0.0156, 0.0099, 0.0079, 0.0131, 0.0079, 0.0158, 0.0079,
          0.0079],
         [0.0092, 0.0099, 0.0110, 0.0079, 0.0158, 0.0079, 0.0154, 0.0079,
          0.0079]],

        [[0.0092, 0.0123, 0.0117, 0.0154, 0.0158, 0.0079, 0.0083, 0.0079,
          0.0155],
         [0.0150, 0.0080, 0.0156, 0.0095, 0.0133, 0.0157, 0.0081, 0.0079,
          0.0152],
         [0.0130, 0.0083, 0.0157, 0.0092, 0.0138, 0.0080, 0.0147, 0.0079,
          0.0157],
         [0.0085, 0.0158, 0.0091, 0.0146, 0.0130, 0.0129, 0.0155, 0.0079,
          0.0114],
         [0.0111, 0.0115, 0.0117, 0.0158, 0.0156, 0.0144, 0.0081, 0.0079,
          0.0129]]], device='cuda:1', grad_fn=<DivBackward0>)
tensor([[[0.0081, 0.0082, 0.0158, 0.0079, 0.0081, 0.0079, 0.0152, 0.0079,
          0.0079],
         [0.0079, 0.0132, 0.0158, 0.0079, 0.0157, 0.0079, 0.0099, 0.0079,
          0.0079],
         [0.0090, 0.0090, 0.0154, 0.0079, 0.0153, 0.0079, 0.0158, 0.0079,
          0.0079],
         [0.0079, 0.0156, 0.0099, 0.0079, 0.0131, 0.0079, 0.0158, 0.0079,
          0.0079],
         [0.0092, 0.0099, 0.0110, 0.0079, 0.0158, 0.0079, 0.0154, 0.0079,
          0.0079]],

        [[0.0092, 0.0123, 0.0117, 0.0154, 0.0158, 0.0079, 0.0083, 0.0079,
          0.0155],
         [0.0150, 0.0080, 0.0156, 0.0095, 0.0133, 0.0157, 0.0081, 0.0079,
          0.0152],
         [0.0130, 0.0083, 0.0157, 0.0092, 0.0138, 0.0080, 0.0147, 0.0079,
          0.0157],
         [0.0085, 0.0158, 0.0091, 0.0146, 0.0130, 0.0129, 0.0155, 0.0079,
          0.0114],
         [0.0111, 0.0115, 0.0117, 0.0158, 0.0156, 0.0144, 0.0081, 0.0079,
          0.0129]]], device='cuda:1', grad_fn=<DivBackward0>)
